403 94
886 506
814 416
1151 992
983 649
629 237
848 457
1074 815
839 446
819 422
1062 791
762 359
994 667
950 598
111 7
914 544
737 334
1049 766
1152 994
1110 893
973 633
474 131
824 428
1013 700
963 617
1101 874
1024 720
816 419
1063 794
575 196
1153 997
447 116
1117 908
910 539
1017 707
931 569
909 537
1126 931
1027 726
871 487
1052 772
891 513
375 81
1131 943
318 58
705 303
1048 764
908 536
1026 724
1061 789
865 479
493 142
742 339
978 641
575 196
877 494
339 66
1078 824
592 208
1019 711
1066 800
717 314
690 289
800 401
855 466
1006 689
1082 833
614 225
638 244
1090 849
441 113
780 379
764 361
337 65
871 486
1005 686
687 286
1108 889
205 24
875 491
1109 891
395 90
554 181
600 214
173 17
860 472
815 418
816 419
759 356
1002 682
708 306
582 201
786 385
1135 952
881 500
572 194
1033 737
727 324
1151 992
613 224