114 582
38 194
133 679
95 485
612 396
171 873
918 594
408 264
714 462
510 330
114 582
76 388
57 291
204 132
1020 660
816 528
190 970
510 330
114 582
714 462
152 776
38 194
918 594
190 970
612 396
510 330
306 198
95 485
816 528
714 462
114 582
76 388
918 594
133 679
102 66
306 198
612 396
1020 660
102 66
1020 660
918 594
510 330
918 594
114 582
76 388
57 291
918 594
95 485
612 396
204 132
918 594
38 194
19 97
152 776
76 388
918 594
816 528
204 132
204 132
114 582
95 485
408 264
76 388
1020 660
204 132
510 330
714 462
114 582
918 594
510 330
408 264
306 198
133 679
133 679
19 97
114 582
19 97
306 198
133 679
1020 660
408 264
57 291
152 776
102 66
57 291
918 594
306 198
1020 660
918 594
102 66
171 873
38 194
1020 660
171 873
171 873
204 132
171 873
816 528
152 776
612 396
918 594
510 330
1020 660
171 873
19 97
714 462
918 594
95 485
204 132
190 970
114 582
171 873
152 776
204 132
816 528
816 528
95 485
612 396
38 194
76 388
510 330
152 776
306 198
918 594
171 873
204 132
306 198
612 396
190 970
510 330
204 132
306 198
816 528
1020 660
408 264
204 132
19 97
306 198
714 462
133 679
306 198
57 291
816 528
95 485
102 66
133 679
152 776
510 330
190 970
714 462
19 97
612 396
408 264
204 132
133 679
102 66
38 194
190 970
38 194
57 291
76 388
76 388
38 194
133 679
102 66
1020 660
102 66
714 462
1020 660
152 776
152 776
1020 660
171 873
190 970
95 485
714 462
57 291
190 970
57 291
714 462
816 528
133 679
306 198
816 528
102 66
114 582
57 291
76 388
1020 660
306 198
204 132
612 396
152 776
114 582
918 594
816 528
408 264
133 679
510 330
190 970
190 970
19 97
95 485
714 462
114 582
714 462
306 198
171 873
1020 660
114 582
612 396
190 970
204 132
171 873
76 388
510 330
918 594
95 485
95 485
133 679
1020 660
510 330
102 66
1020 660
38 194
19 97
76 388
114 582
1020 660
57 291
19 97
102 66
510 330
190 970
102 66
612 396
171 873
190 970
114 582
816 528
918 594
171 873
204 132
190 970
816 528
714 462
19 97
76 388
190 970
190 970
152 776
612 396
133 679
612 396
76 388
102 66
1020 660
918 594
306 198
57 291
1020 660
38 194
57 291
57 291
38 194
816 528
76 388
306 198
918 594
171 873
714 462
612 396
171 873
1020 660
171 873
612 396
918 594
152 776
190 970
408 264
76 388
76 388
408 264
510 330
171 873
204 132
19 97
76 388
714 462
918 594
133 679
816 528
408 264
95 485
76 388
714 462
408 264
190 970
612 396
714 462
76 388
816 528
408 264
38 194
152 776
306 198
38 194
612 396
190 970
152 776
204 132
102 66
1020 660
76 388
95 485
171 873
204 132
1020 660
171 873
816 528
133 679
19 97
612 396
204 132
102 66
114 582
1020 660
510 330
102 66
306 198
816 528
816 528
612 396
102 66
76 388
133 679
1020 660
152 776
133 679
408 264
102 66
612 396
918 594
19 97
38 194
408 264
204 132
190 970
306 198
204 132
204 132
102 66
816 528
204 132
306 198
171 873
612 396
714 462
38 194
38 194
133 679
190 970
1020 660
1020 660
204 132
19 97
306 198
76 388
38 194
918 594
171 873
816 528
38 194
816 528
102 66
612 396
102 66
19 97
19 97
408 264
190 970
114 582
510 330
612 396
95 485
1020 660
95 485
19 97
102 66
190 970
152 776
19 97
19 97
95 485
38 194
918 594
102 66
38 194
1020 660
38 194
76 388
408 264
114 582
133 679
76 388
76 388
152 776
171 873
102 66
1020 660
918 594
612 396
114 582
204 132
76 388
612 396
510 330
114 582
76 388
918 594
612 396
714 462
204 132
171 873
133 679
57 291
408 264
133 679
19 97
816 528
918 594
95 485
152 776
714 462
19 97
133 679
190 970
510 330
76 388
114 582
38 194
408 264
76 388
114 582
816 528
190 970
38 194
171 873
408 264
133 679
408 264
408 264
114 582
19 97
38 194
918 594
190 970
171 873
114 582
133 679
57 291
612 396
510 330
714 462
76 388
714 462
114 582
114 582
204 132
102 66
133 679
714 462
133 679
612 396
171 873
816 528
816 528
408 264
190 970
152 776
76 388
57 291
816 528
38 194
152 776
190 970
38 194
57 291
19 97
38 194
19 97
114 582
1020 660
510 330
95 485
133 679
1020 660
510 330
816 528
57 291